Rows: 64
Cols: 64
Channels: 1
Type: 0

[184] [184] [183] [182] [181] [181] [180] [180] [179] [179] [180] [180] [181] [181] [182] [181] [180] [180] [180] [180] [181] [181] [181] [181] [182] [182] [183] [183] [184] [184] [184] [183] [182] [182] [182] [182] [183] [183] [184] [184] [184] [184] [184] [184] [183] [183] [183] [182] [181] [180] [181] [181] [182] [182] [183] [183] [183] [183] [182] [180] [179] [177] [175] [174] 
[184] [183] [183] [182] [181] [181] [180] [180] [179] [179] [180] [180] [181] [181] [182] [181] [180] [180] [180] [180] [180] [181] [181] [181] [181] [182] [182] [183] [183] [184] [184] [183] [183] [182] [182] [182] [183] [183] [184] [184] [184] [184] [184] [184] [183] [183] [183] [182] [181] [181] [182] [182] [182] [182] [181] [180] [180] [181] [181] [181] [180] [178] [176] [175] 
[183] [183] [182] [182] [181] [180] [180] [179] [179] [179] [179] [180] [180] [181] [181] [181] [180] [179] [179] [179] [179] [180] [180] [180] [181] [181] [182] [182] [182] [183] [183] [183] [183] [183] [183] [183] [183] [184] [184] [184] [184] [184] [183] [183] [183] [183] [182] [182] [181] [182] [184] [185] [183] [181] [177] [175] [175] [176] [180] [182] [182] [181] [177] [176] 
[183] [183] [182] [182] [181] [180] [180] [179] [179] [179] [179] [180] [180] [181] [181] [181] [180] [180] [180] [180] [180] [180] [180] [181] [181] [182] [182] [183] [183] [183] [183] [183] [183] [183] [183] [183] [184] [184] [184] [184] [184] [184] [183] [183] [183] [182] [182] [181] [181] [182] [184] [185] [183] [180] [176] [173] [173] [175] [179] [181] [182] [181] [177] [176] 
[183] [183] [182] [181] [181] [180] [179] [179] [179] [179] [179] [179] [180] [180] [181] [181] [180] [180] [180] [180] [180] [181] [181] [182] [182] [183] [183] [183] [183] [184] [184] [184] [184] [184] [184] [184] [184] [185] [185] [185] [184] [184] [183] [183] [182] [182] [182] [181] [180] [180] [182] [183] [182] [180] [178] [176] [176] [177] [179] [180] [179] [178] [176] [175] 
[183] [183] [182] [181] [180] [180] [179] [179] [179] [179] [179] [179] [180] [180] [181] [181] [181] [181] [181] [181] [182] [182] [183] [183] [183] [184] [184] [184] [185] [185] [185] [185] [185] [185] [185] [185] [185] [185] [185] [185] [185] [184] [183] [183] [182] [182] [181] [181] [180] [180] [180] [181] [181] [181] [182] [181] [181] [180] [179] [178] [177] [176] [176] [176] 
[183] [183] [182] [181] [180] [180] [179] [179] [179] [179] [179] [179] [180] [180] [181] [181] [182] [183] [183] [183] [184] [184] [184] [184] [185] [185] [186] [186] [187] [187] [187] [187] [186] [186] [186] [186] [186] [186] [186] [186] [185] [185] [183] [183] [182] [182] [181] [181] [181] [180] [179] [179] [181] [184] [187] [189] [188] [185] [180] [176] [174] [174] [175] [177] 
[184] [183] [183] [182] [181] [180] [180] [179] [179] [179] [179] [180] [180] [181] [181] [182] [184] [185] [185] [185] [185] [186] [186] [186] [186] [187] [187] [188] [188] [188] [188] [188] [187] [187] [187] [187] [187] [186] [186] [186] [185] [185] [183] [183] [182] [182] [181] [181] [182] [181] [180] [180] [181] [184] [187] [188] [187] [184] [179] [176] [174] [174] [177] [178] 
[184] [184] [183] [182] [181] [181] [180] [180] [179] [179] [180] [180] [181] [181] [182] [183] [184] [185] [185] [185] [186] [186] [186] [186] [187] [187] [188] [188] [188] [188] [189] [188] [188] [187] [187] [187] [187] [187] [187] [186] [186] [185] [184] [183] [183] [182] [182] [182] [183] [183] [183] [183] [183] [182] [181] [179] [177] [176] [176] [176] [177] [178] [179] [179] 
[184] [184] [183] [183] [182] [181] [180] [180] [179] [179] [180] [180] [181] [181] [182] [183] [183] [184] [184] [184] [185] [185] [185] [186] [186] [186] [187] [187] [187] [187] [188] [188] [188] [187] [187] [187] [187] [187] [187] [187] [186] [186] [185] [184] [183] [183] [183] [182] [183] [184] [187] [186] [183] [178] [170] [165] [164] [165] [171] [176] [180] [181] [180] [179] 
[185] [184] [184] [183] [182] [181] [181] [180] [180] [180] [180] [181] [181] [182] [182] [182] [182] [183] [183] [183] [183] [184] [184] [185] [185] [185] [186] [186] [186] [186] [187] [187] [187] [187] [187] [187] [187] [187] [187] [187] [187] [187] [186] [185] [184] [184] [184] [183] [181] [183] [190] [190] [183] [172] [156] [147] [145] [150] [164] [174] [182] [183] [179] [176] 
[186] [185] [185] [184] [184] [183] [182] [181] [181] [181] [181] [182] [183] [183] [183] [183] [182] [182] [182] [183] [183] [183] [183] [184] [185] [185] [185] [186] [186] [186] [187] [187] [187] [187] [187] [187] [187] [187] [187] [187] [187] [187] [187] [186] [185] [184] [184] [183] [180] [182] [190] [190] [183] [170] [151] [140] [138] [144] [161] [173] [181] [183] [177] [175] 
[187] [186] [186] [185] [184] [183] [183] [182] [182] [182] [182] [183] [183] [184] [184] [184] [183] [182] [182] [182] [183] [183] [183] [184] [185] [185] [185] [185] [186] [186] [186] [186] [186] [186] [187] [187] [187] [187] [187] [188] [187] [187] [187] [186] [185] [185] [185] [183] [179] [181] [188] [189] [183] [172] [155] [145] [142] [148] [162] [172] [180] [181] [176] [174] 
[187] [187] [186] [186] [185] [184] [183] [183] [183] [183] [183] [183] [184] [185] [185] [184] [183] [183] [182] [183] [183] [184] [184] [185] [185] [185] [185] [186] [186] [187] [187] [186] [186] [186] [187] [187] [187] [187] [187] [188] [187] [187] [187] [187] [186] [186] [186] [184] [180] [181] [187] [188] [185] [178] [167] [159] [156] [159] [167] [173] [178] [179] [176] [175] 
[188] [188] [187] [186] [185] [185] [184] [184] [183] [183] [184] [184] [185] [185] [186] [185] [184] [184] [184] [184] [184] [185] [185] [186] [186] [186] [186] [187] [187] [188] [188] [187] [186] [186] [186] [186] [187] [187] [188] [188] [188] [188] [188] [187] [187] [187] [187] [185] [183] [182] [185] [186] [188] [188] [186] [183] [180] [178] [176] [176] [176] [177] [178] [178] 
[188] [188] [187] [187] [186] [185] [185] [184] [184] [184] [184] [185] [185] [185] [186] [186] [185] [185] [185] [185] [185] [186] [186] [187] [187] [187] [187] [188] [188] [188] [188] [188] [187] [186] [186] [187] [187] [188] [188] [188] [188] [188] [188] [188] [187] [187] [187] [186] [184] [184] [186] [190] [194] [195] [195] [193] [189] [185] [180] [176] [174] [175] [179] [181] 
[189] [188] [188] [187] [187] [186] [186] [185] [185] [185] [185] [186] [186] [186] [186] [186] [186] [186] [186] [186] [186] [187] [187] [188] [188] [188] [188] [189] [189] [189] [189] [188] [187] [187] [188] [188] [189] [190] [189] [189] [188] [188] [187] [187] [187] [187] [187] [186] [183] [185] [191] [197] [203] [201] [193] [187] [182] [178] [177] [175] [172] [173] [179] [183] 
[189] [189] [188] [188] [187] [187] [186] [186] [186] [186] [186] [186] [186] [186] [186] [186] [187] [188] [188] [188] [188] [188] [188] [189] [189] [189] [189] [190] [190] [190] [190] [189] [188] [188] [189] [190] [191] [191] [191] [190] [189] [188] [187] [187] [187] [187] [187] [186] [184] [187] [196] [203] [209] [205] [193] [185] [179] [177] [179] [177] [173] [174] [179] [182] 
[190] [189] [189] [188] [188] [187] [187] [187] [187] [187] [187] [187] [187] [187] [187] [187] [188] [189] [189] [189] [189] [189] [190] [190] [190] [190] [190] [191] [191] [191] [191] [190] [189] [189] [190] [191] [191] [192] [192] [191] [189] [188] [187] [187] [186] [186] [187] [187] [186] [191] [200] [207] [212] [208] [195] [186] [183] [182] [185] [183] [177] [175] [178] [179] 
[190] [190] [190] [189] [189] [188] [188] [188] [188] [188] [188] [188] [188] [188] [188] [188] [189] [190] [190] [190] [190] [190] [190] [191] [191] [191] [191] [191] [191] [190] [190] [190] [189] [189] [190] [191] [192] [192] [192] [191] [189] [188] [187] [186] [186] [186] [186] [186] [186] [191] [202] [209] [214] [210] [196] [187] [184] [184] [188] [187] [180] [176] [177] [177] 
[191] [191] [191] [191] [190] [190] [189] [189] [189] [189] [189] [189] [189] [189] [190] [190] [190] [191] [191] [191] [191] [190] [190] [190] [190] [190] [190] [190] [190] [190] [190] [190] [189] [189] [190] [191] [192] [192] [192] [191] [189] [188] [186] [185] [185] [185] [184] [184] [183] [189] [202] [210] [216] [212] [197] [188] [184] [183] [188] [186] [180] [177] [177] [178] 
[192] [191] [191] [191] [190] [190] [190] [190] [190] [190] [190] [190] [190] [190] [190] [190] [190] [190] [190] [190] [190] [190] [189] [189] [189] [189] [189] [189] [189] [189] [189] [189] [189] [190] [190] [191] [192] [192] [192] [191] [189] [188] [186] [185] [184] [184] [184] [184] [185] [192] [204] [214] [220] [215] [200] [190] [184] [183] [186] [185] [179] [177] [179] [180] 
[193] [192] [192] [191] [191] [191] [191] [191] [191] [191] [191] [191] [191] [191] [191] [191] [191] [191] [191] [191] [190] [190] [190] [190] [190] [190] [189] [189] [189] [189] [189] [190] [190] [191] [192] [192] [193] [193] [193] [192] [190] [189] [187] [186] [185] [185] [185] [187] [191] [199] [211] [219] [225] [220] [205] [194] [185] [182] [183] [181] [176] [176] [181] [184] 
[193] [193] [193] [192] [192] [192] [192] [192] [192] [192] [192] [192] [192] [193] [193] [193] [192] [192] [192] [192] [191] [191] [191] [191] [191] [191] [190] [190] [190] [190] [190] [191] [191] [192] [193] [194] [194] [194] [194] [193] [191] [190] [189] [188] [187] [187] [186] [191] [201] [209] [217] [223] [226] [220] [205] [194] [186] [182] [182] [179] [175] [176] [183] [187] 
[193] [193] [193] [193] [192] [192] [192] [192] [192] [192] [193] [193] [193] [193] [194] [194] [194] [194] [194] [193] [193] [193] [193] [193] [193] [192] [192] [192] [192] [192] [192] [192] [193] [193] [194] [195] [195] [195] [195] [194] [192] [191] [190] [190] [190] [190] [190] [198] [214] [222] [224] [224] [222] [214] [201] [192] [186] [183] [183] [180] [176] [177] [184] [188] 
[193] [193] [193] [193] [192] [192] [192] [192] [192] [192] [193] [193] [193] [193] [194] [194] [194] [194] [194] [194] [194] [194] [194] [194] [193] [193] [193] [193] [193] [194] [194] [193] [194] [194] [194] [195] [195] [195] [194] [194] [192] [191] [191] [192] [192] [193] [193] [202] [221] [227] [222] [216] [209] [199] [187] [180] [179] [181] [183] [182] [178] [178] [184] [188] 
[193] [193] [193] [193] [192] [192] [192] [192] [193] [193] [193] [193] [194] [194] [194] [194] [193] [193] [193] [193] [193] [193] [193] [193] [194] [194] [194] [194] [194] [195] [195] [194] [193] [193] [193] [194] [194] [193] [193] [192] [191] [191] [192] [193] [194] [195] [195] [204] [221] [223] [211] [199] [186] [173] [162] [159] [166] [174] [184] [186] [181] [180] [183] [185] 
[193] [193] [193] [193] [192] [192] [192] [192] [193] [193] [193] [193] [194] [194] [195] [194] [193] [193] [193] [194] [194] [194] [194] [194] [195] [195] [195] [196] [196] [196] [196] [196] [195] [195] [195] [195] [194] [194] [193] [193] [193] [193] [194] [195] [197] [199] [200] [207] [219] [217] [202] [185] [167] [152] [139] [138] [150] [164] [180] [186] [183] [182] [182] [182] 
[193] [193] [192] [192] [192] [192] [192] [192] [193] [193] [194] [194] [194] [195] [195] [195] [194] [194] [194] [195] [195] [195] [196] [196] [197] [197] [198] [199] [199] [199] [199] [199] [198] [198] [198] [198] [197] [196] [196] [196] [196] [196] [198] [200] [203] [205] [207] [210] [215] [210] [194] [175] [154] [134] [117] [116] [131] [150] [173] [185] [185] [183] [181] [180] 
[193] [192] [192] [192] [192] [192] [192] [192] [193] [193] [193] [194] [195] [195] [195] [196] [197] [198] [198] [198] [198] [199] [199] [200] [201] [201] [202] [203] [203] [203] [204] [203] [203] [203] [203] [203] [202] [201] [200] [200] [201] [202] [204] [207] [210] [213] [215] [216] [216] [209] [195] [176] [151] [128] [106] [102] [117] [139] [167] [183] [185] [185] [181] [180] 
[192] [192] [192] [192] [192] [192] [192] [192] [192] [192] [193] [194] [194] [195] [195] [197] [201] [203] [203] [203] [204] [204] [205] [206] [206] [207] [208] [209] [209] [210] [210] [210] [211] [211] [210] [210] [209] [208] [208] [208] [208] [210] [213] [216] [219] [223] [226] [225] [221] [215] [204] [187] [161] [134] [105] [ 96] [108] [129] [161] [180] [185] [185] [181] [180] 
[191] [192] [193] [193] [192] [191] [191] [192] [194] [195] [195] [196] [197] [200] [205] [208] [211] [213] [214] [214] [215] [215] [216] [216] [217] [217] [218] [219] [220] [221] [221] [222] [220] [221] [222] [222] [222] [220] [218] [216] [215] [213] [211] [210] [209] [208] [206] [206] [208] [206] [201] [189] [170] [143] [106] [ 92] [ 99] [121] [158] [179] [184] [185] [183] [182] 
[188] [191] [196] [197] [193] [191] [190] [193] [200] [202] [201] [201] [203] [211] [225] [231] [230] [230] [231] [232] [232] [233] [233] [233] [233] [233] [233] [235] [236] [238] [239] [237] [233] [233] [237] [239] [240] [238] [232] [226] [218] [210] [201] [191] [179] [168] [158] [161] [176] [184] [183] [182] [179] [155] [111] [ 90] [ 92] [114] [159] [181] [182] [183] [185] [185] 
[189] [191] [197] [197] [193] [191] [191] [194] [199] [198] [191] [189] [191] [203] [225] [237] [237] [238] [237] [236] [235] [235] [234] [233] [232] [232] [233] [234] [235] [236] [237] [237] [237] [237] [240] [242] [243] [240] [234] [226] [215] [203] [188] [173] [157] [143] [132] [132] [144] [152] [156] [161] [166] [147] [102] [ 80] [ 81] [106] [155] [180] [181] [183] [185] [187] 
[190] [192] [194] [195] [193] [194] [196] [197] [195] [186] [169] [161] [163] [178] [206] [225] [234] [236] [233] [229] [225] [222] [219] [217] [217] [217] [217] [218] [217] [217] [216] [221] [231] [236] [235] [234] [233] [230] [225] [217] [205] [190] [173] [157] [143] [133] [127] [119] [110] [109] [119] [126] [133] [117] [ 79] [ 63] [ 68] [ 96] [146] [175] [181] [185] [185] [186] 
[193] [194] [194] [193] [191] [191] [194] [194] [193] [184] [168] [161] [164] [179] [206] [224] [232] [232] [226] [218] [211] [204] [200] [197] [197] [199] [201] [204] [205] [206] [206] [213] [226] [231] [230] [229] [228] [225] [219] [210] [195] [176] [155] [137] [121] [111] [105] [ 95] [ 80] [ 76] [ 84] [ 90] [ 98] [ 90] [ 65] [ 60] [ 72] [101] [147] [174] [181] [185] [185] [185] 
[198] [197] [197] [193] [186] [184] [185] [188] [194] [194] [189] [189] [193] [205] [225] [234] [232] [226] [216] [205] [193] [183] [176] [173] [174] [178] [185] [192] [199] [205] [209] [214] [220] [224] [225] [226] [227] [224] [216] [204] [185] [162] [136] [112] [ 92] [ 76] [ 66] [ 59] [ 54] [ 51] [ 51] [ 54] [ 61] [ 64] [ 62] [ 72] [ 93] [121] [156] [177] [182] [185] [185] [186] 
[197] [197] [197] [194] [188] [186] [188] [194] [205] [211] [211] [210] [209] [212] [220] [221] [214] [207] [198] [189] [178] [171] [165] [164] [167] [172] [180] [188] [196] [202] [207] [209] [211] [213] [216] [217] [216] [210] [199] [183] [163] [141] [118] [ 96] [ 75] [ 59] [ 46] [ 41] [ 43] [ 42] [ 39] [ 40] [ 48] [ 60] [ 74] [ 95] [121] [146] [169] [181] [184] [185] [185] [185] 
[190] [192] [195] [196] [195] [197] [204] [214] [227] [234] [232] [225] [211] [200] [193] [186] [179] [174] [171] [169] [167] [166] [168] [171] [176] [181] [187] [192] [196] [199] [200] [200] [198] [199] [203] [202] [196] [184] [166] [148] [130] [114] [101] [ 87] [ 71] [ 58] [ 44] [ 41] [ 47] [ 49] [ 46] [ 49] [ 58] [ 77] [103] [130] [155] [173] [184] [188] [187] [186] [183] [182] 
[188] [190] [194] [197] [200] [206] [215] [224] [234] [235] [226] [211] [190] [174] [161] [152] [145] [141] [140] [140] [141] [145] [150] [157] [165] [172] [178] [182] [184] [184] [184] [182] [180] [181] [184] [180] [170] [155] [134] [116] [102] [ 92] [ 88] [ 81] [ 73] [ 63] [ 51] [ 49] [ 56] [ 63] [ 67] [ 74] [ 86] [106] [132] [156] [175] [187] [190] [191] [190] [187] [182] [180] 
[190] [191] [193] [198] [204] [212] [222] [226] [225] [214] [192] [170] [147] [132] [125] [118] [112] [107] [104] [102] [102] [106] [113] [123] [136] [146] [154] [159] [160] [159] [156] [156] [158] [159] [157] [150] [137] [121] [101] [ 87] [ 78] [ 76] [ 79] [ 80] [ 78] [ 75] [ 67] [ 67] [ 72] [ 84] [102] [117] [131] [146] [161] [173] [182] [186] [188] [189] [191] [189] [181] [178] 
[194] [193] [193] [195] [199] [203] [208] [205] [194] [177] [153] [132] [114] [104] [102] [ 98] [ 92] [ 88] [ 84] [ 83] [ 85] [ 91] [102] [116] [132] [143] [151] [152] [148] [142] [134] [132] [135] [134] [130] [120] [107] [ 94] [ 79] [ 70] [ 68] [ 70] [ 77] [ 82] [ 85] [ 87] [ 85] [ 89] [ 97] [112] [133] [150] [162] [172] [179] [183] [184] [184] [184] [186] [190] [189] [182] [179] 
[199] [197] [194] [190] [186] [180] [171] [159] [143] [126] [109] [ 98] [ 91] [ 90] [ 92] [ 91] [ 86] [ 83] [ 81] [ 83] [ 89] [100] [117] [135] [153] [164] [168] [163] [149] [134] [119] [111] [113] [109] [ 99] [ 89] [ 79] [ 72] [ 68] [ 67] [ 70] [ 75] [ 80] [ 86] [ 94] [100] [105] [115] [130] [145] [161] [172] [180] [184] [186] [186] [182] [180] [179] [181] [186] [187] [185] [184] 
[198] [196] [193] [187] [178] [165] [148] [130] [111] [ 97] [ 87] [ 82] [ 81] [ 81] [ 83] [ 83] [ 82] [ 81] [ 79] [ 81] [ 87] [ 99] [116] [133] [150] [159] [160] [153] [136] [119] [101] [ 93] [ 94] [ 89] [ 77] [ 68] [ 62] [ 61] [ 66] [ 72] [ 80] [ 87] [ 94] [102] [113] [123] [134] [147] [161] [171] [178] [183] [186] [188] [188] [187] [183] [180] [178] [179] [183] [185] [187] [188] 
[190] [189] [189] [184] [174] [159] [138] [118] [100] [ 89] [ 85] [ 83] [ 82] [ 79] [ 74] [ 74] [ 80] [ 81] [ 78] [ 78] [ 79] [ 86] [ 98] [109] [121] [127] [128] [121] [109] [ 96] [ 82] [ 76] [ 78] [ 74] [ 64] [ 58] [ 56] [ 61] [ 73] [ 85] [ 97] [108] [117] [129] [143] [157] [172] [183] [190] [190] [185] [182] [181] [183] [186] [188] [187] [185] [181] [180] [180] [183] [188] [191] 
[188] [188] [188] [185] [178] [165] [146] [128] [111] [101] [ 97] [ 95] [ 94] [ 90] [ 83] [ 84] [ 91] [ 94] [ 92] [ 92] [ 93] [ 96] [102] [107] [112] [114] [111] [105] [ 95] [ 85] [ 75] [ 70] [ 69] [ 66] [ 62] [ 62] [ 68] [ 79] [ 95] [110] [124] [136] [145] [156] [167] [179] [191] [199] [201] [197] [187] [182] [182] [183] [185] [187] [188] [188] [185] [183] [180] [182] [187] [190] 
[191] [190] [189] [188] [187] [182] [173] [160] [144] [132] [123] [118] [116] [114] [112] [113] [116] [119] [122] [125] [127] [129] [129] [127] [123] [117] [110] [102] [ 93] [ 86] [ 81] [ 74] [ 67] [ 66] [ 72] [ 82] [ 96] [113] [131] [147] [161] [170] [177] [181] [184] [188] [192] [194] [193] [190] [185] [184] [188] [188] [186] [185] [186] [187] [190] [188] [184] [183] [185] [187] 
[192] [191] [189] [190] [191] [190] [187] [179] [167] [156] [147] [141] [138] [137] [136] [138] [142] [146] [150] [153] [156] [156] [154] [151] [146] [140] [132] [122] [111] [100] [ 90] [ 78] [ 66] [ 61] [ 68] [ 82] [105] [129] [153] [170] [180] [188] [194] [195] [191] [191] [193] [193] [190] [187] [185] [186] [189] [190] [186] [185] [185] [187] [190] [190] [185] [183] [184] [184] 
[191] [190] [190] [191] [191] [191] [189] [186] [180] [174] [169] [165] [161] [159] [157] [160] [168] [173] [176] [178] [179] [179] [179] [180] [183] [182] [178] [166] [146] [125] [102] [ 82] [ 65] [ 54] [ 49] [ 62] [ 95] [127] [159] [177] [181] [188] [197] [197] [188] [187] [193] [195] [191] [189] [187] [187] [187] [187] [186] [186] [185] [186] [187] [187] [185] [183] [183] [183] 
[190] [190] [191] [191] [191] [191] [190] [189] [186] [183] [180] [176] [172] [170] [167] [171] [181] [187] [190] [191] [190] [190] [190] [192] [197] [199] [199] [189] [170] [149] [125] [102] [ 79] [ 62] [ 51] [ 63] [ 98] [131] [163] [180] [183] [189] [199] [198] [187] [185] [192] [195] [192] [190] [189] [188] [187] [186] [186] [186] [186] [186] [186] [186] [185] [184] [183] [182] 
[191] [191] [191] [191] [191] [190] [190] [188] [186] [183] [179] [175] [172] [169] [167] [171] [180] [187] [190] [191] [190] [189] [186] [187] [189] [192] [195] [192] [184] [173] [160] [139] [109] [ 87] [ 73] [ 81] [113] [140] [164] [179] [186] [192] [199] [198] [189] [186] [190] [192] [191] [190] [189] [188] [187] [187] [187] [187] [186] [187] [187] [186] [185] [184] [183] [183] 
[191] [191] [191] [191] [191] [190] [189] [188] [186] [183] [179] [176] [172] [170] [168] [171] [179] [186] [189] [191] [191] [189] [186] [185] [185] [187] [191] [192] [191] [188] [183] [162] [126] [102] [ 89] [ 99] [131] [155] [171] [183] [189] [194] [196] [194] [189] [187] [189] [190] [191] [191] [190] [189] [188] [187] [187] [187] [187] [187] [187] [186] [185] [184] [183] [183] 
[191] [191] [191] [191] [191] [190] [189] [188] [186] [183] [180] [177] [174] [171] [169] [171] [178] [183] [188] [190] [192] [191] [189] [187] [186] [186] [188] [191] [192] [193] [193] [172] [131] [107] [101] [115] [151] [174] [183] [190] [194] [194] [191] [188] [187] [187] [189] [190] [191] [191] [190] [189] [188] [188] [187] [187] [187] [188] [187] [186] [185] [184] [183] [183] 
[191] [191] [191] [191] [191] [190] [189] [188] [186] [184] [181] [179] [176] [174] [172] [174] [179] [183] [187] [189] [191] [192] [191] [190] [188] [188] [188] [189] [191] [193] [194] [174] [134] [114] [113] [131] [166] [187] [192] [194] [195] [193] [187] [185] [185] [187] [190] [191] [191] [191] [190] [189] [188] [187] [187] [187] [187] [187] [187] [186] [185] [184] [183] [183] 
[191] [191] [191] [191] [191] [190] [189] [188] [187] [185] [183] [181] [179] [177] [176] [178] [183] [186] [186] [188] [189] [191] [192] [193] [193] [191] [190] [188] [187] [186] [186] [169] [136] [122] [127] [145] [177] [195] [197] [197] [194] [191] [186] [184] [185] [188] [191] [192] [191] [190] [189] [188] [187] [186] [186] [186] [186] [186] [186] [186] [185] [184] [183] [182] 
[191] [191] [191] [190] [191] [191] [190] [189] [188] [187] [185] [184] [182] [180] [180] [182] [188] [189] [188] [187] [187] [188] [191] [192] [193] [192] [190] [188] [186] [185] [185] [173] [149] [140] [145] [160] [183] [196] [197] [196] [191] [189] [187] [187] [187] [188] [191] [192] [190] [189] [188] [187] [186] [186] [186] [186] [185] [186] [186] [185] [184] [183] [182] [182] 
[190] [190] [190] [190] [191] [190] [190] [189] [189] [188] [187] [186] [185] [184] [183] [186] [192] [193] [189] [186] [185] [185] [188] [190] [192] [192] [191] [190] [190] [190] [190] [184] [172] [167] [169] [175] [184] [189] [192] [191] [186] [186] [192] [193] [190] [189] [191] [190] [189] [188] [187] [186] [185] [185] [185] [185] [184] [185] [185] [184] [183] [182] [181] [181] 
[190] [190] [190] [190] [190] [190] [190] [190] [189] [189] [188] [188] [187] [187] [186] [188] [192] [193] [189] [187] [185] [186] [188] [189] [190] [191] [190] [190] [190] [191] [193] [191] [186] [184] [185] [185] [185] [187] [190] [189] [184] [185] [194] [195] [190] [189] [190] [190] [189] [187] [186] [185] [184] [184] [184] [184] [183] [184] [184] [183] [182] [181] [180] [180] 
[190] [190] [190] [190] [189] [189] [189] [189] [189] [189] [189] [189] [188] [188] [189] [189] [189] [189] [188] [188] [188] [189] [190] [190] [189] [188] [187] [187] [189] [191] [194] [193] [190] [189] [192] [191] [188] [188] [192] [191] [185] [186] [193] [194] [189] [187] [189] [189] [188] [187] [186] [185] [184] [183] [183] [183] [183] [183] [183] [182] [181] [180] [179] [179] 
[190] [190] [190] [190] [189] [189] [189] [189] [189] [189] [189] [189] [189] [189] [189] [188] [186] [185] [187] [188] [190] [191] [192] [191] [189] [188] [186] [186] [187] [189] [191] [190] [188] [188] [193] [193] [190] [190] [194] [194] [187] [187] [191] [191] [187] [186] [189] [190] [188] [186] [185] [184] [183] [183] [182] [183] [183] [183] [182] [182] [181] [180] [179] [178] 
[191] [191] [190] [190] [189] [189] [188] [188] [188] [188] [188] [188] [188] [188] [188] [186] [182] [182] [185] [189] [191] [193] [194] [193] [190] [189] [187] [185] [185] [184] [185] [183] [179] [181] [188] [192] [192] [193] [197] [196] [192] [189] [187] [186] [184] [185] [189] [190] [188] [186] [185] [184] [183] [183] [183] [183] [183] [183] [183] [182] [181] [180] [179] [179] 
[191] [191] [190] [190] [189] [189] [188] [187] [187] [186] [186] [186] [187] [187] [187] [185] [182] [182] [186] [188] [190] [192] [192] [192] [190] [190] [189] [188] [187] [185] [182] [180] [180] [182] [188] [192] [192] [192] [193] [194] [194] [191] [185] [183] [183] [185] [188] [189] [188] [187] [186] [185] [184] [183] [183] [183] [183] [183] [183] [183] [182] [181] [180] [179] 
[192] [191] [191] [190] [189] [188] [187] [186] [186] [185] [185] [185] [185] [185] [186] [186] [185] [186] [187] [187] [187] [187] [187] [187] [189] [191] [194] [194] [192] [189] [184] [185] [189] [192] [192] [191] [189] [187] [184] [187] [194] [194] [186] [183] [186] [187] [187] [188] [188] [187] [186] [185] [184] [184] [184] [184] [184] [184] [184] [183] [182] [181] [180] [180] 
[192] [192] [191] [190] [189] [188] [187] [186] [185] [185] [184] [184] [184] [184] [185] [186] [187] [188] [188] [187] [186] [185] [184] [185] [188] [192] [196] [197] [195] [191] [186] [187] [194] [197] [194] [191] [188] [184] [180] [183] [194] [195] [186] [183] [187] [188] [187] [187] [188] [187] [186] [185] [184] [184] [184] [184] [184] [184] [184] [184] [182] [181] [180] [180] 

184 184 183 182 181 181 180 180 179 179 180 180 181 181 182 181 180 180 180 180 181 181 181 181 182 182 183 183 184 184 184 183 182 182 182 182 183 183 184 184 184 184 184 184 183 183 183 182 181 180 181 181 182 182 183 183 183 183 182 180 179 177 175 174 
184 183 183 182 181 181 180 180 179 179 180 180 181 181 182 181 180 180 180 180 180 181 181 181 181 182 182 183 183 184 184 183 183 182 182 182 183 183 184 184 184 184 184 184 183 183 183 182 181 181 182 182 182 182 181 180 180 181 181 181 180 178 176 175 
183 183 182 182 181 180 180 179 179 179 179 180 180 181 181 181 180 179 179 179 179 180 180 180 181 181 182 182 182 183 183 183 183 183 183 183 183 184 184 184 184 184 183 183 183 183 182 182 181 182 184 185 183 181 177 175 175 176 180 182 182 181 177 176 
183 183 182 182 181 180 180 179 179 179 179 180 180 181 181 181 180 180 180 180 180 180 180 181 181 182 182 183 183 183 183 183 183 183 183 183 184 184 184 184 184 184 183 183 183 182 182 181 181 182 184 185 183 180 176 173 173 175 179 181 182 181 177 176 
183 183 182 181 181 180 179 179 179 179 179 179 180 180 181 181 180 180 180 180 180 181 181 182 182 183 183 183 183 184 184 184 184 184 184 184 184 185 185 185 184 184 183 183 182 182 182 181 180 180 182 183 182 180 178 176 176 177 179 180 179 178 176 175 
183 183 182 181 180 180 179 179 179 179 179 179 180 180 181 181 181 181 181 181 182 182 183 183 183 184 184 184 185 185 185 185 185 185 185 185 185 185 185 185 185 184 183 183 182 182 181 181 180 180 180 181 181 181 182 181 181 180 179 178 177 176 176 176 
183 183 182 181 180 180 179 179 179 179 179 179 180 180 181 181 182 183 183 183 184 184 184 184 185 185 186 186 187 187 187 187 186 186 186 186 186 186 186 186 185 185 183 183 182 182 181 181 181 180 179 179 181 184 187 189 188 185 180 176 174 174 175 177 
184 183 183 182 181 180 180 179 179 179 179 180 180 181 181 182 184 185 185 185 185 186 186 186 186 187 187 188 188 188 188 188 187 187 187 187 187 186 186 186 185 185 183 183 182 182 181 181 182 181 180 180 181 184 187 188 187 184 179 176 174 174 177 178 
184 184 183 182 181 181 180 180 179 179 180 180 181 181 182 183 184 185 185 185 186 186 186 186 187 187 188 188 188 188 189 188 188 187 187 187 187 187 187 186 186 185 184 183 183 182 182 182 183 183 183 183 183 182 181 179 177 176 176 176 177 178 179 179 
184 184 183 183 182 181 180 180 179 179 180 180 181 181 182 183 183 184 184 184 185 185 185 186 186 186 187 187 187 187 188 188 188 187 187 187 187 187 187 187 186 186 185 184 183 183 183 182 183 184 187 186 183 178 170 165 164 165 171 176 180 181 180 179 
185 184 184 183 182 181 181 180 180 180 180 181 181 182 182 182 182 183 183 183 183 184 184 185 185 185 186 186 186 186 187 187 187 187 187 187 187 187 187 187 187 187 186 185 184 184 184 183 181 183 190 190 183 172 156 147 145 150 164 174 182 183 179 176 
186 185 185 184 184 183 182 181 181 181 181 182 183 183 183 183 182 182 182 183 183 183 183 184 185 185 185 186 186 186 187 187 187 187 187 187 187 187 187 187 187 187 187 186 185 184 184 183 180 182 190 190 183 170 151 140 138 144 161 173 181 183 177 175 
187 186 186 185 184 183 183 182 182 182 182 183 183 184 184 184 183 182 182 182 183 183 183 184 185 185 185 185 186 186 186 186 186 186 187 187 187 187 187 188 187 187 187 186 185 185 185 183 179 181 188 189 183 172 155 145 142 148 162 172 180 181 176 174 
187 187 186 186 185 184 183 183 183 183 183 183 184 185 185 184 183 183 182 183 183 184 184 185 185 185 185 186 186 187 187 186 186 186 187 187 187 187 187 188 187 187 187 187 186 186 186 184 180 181 187 188 185 178 167 159 156 159 167 173 178 179 176 175 
188 188 187 186 185 185 184 184 183 183 184 184 185 185 186 185 184 184 184 184 184 185 185 186 186 186 186 187 187 188 188 187 186 186 186 186 187 187 188 188 188 188 188 187 187 187 187 185 183 182 185 186 188 188 186 183 180 178 176 176 176 177 178 178 
188 188 187 187 186 185 185 184 184 184 184 185 185 185 186 186 185 185 185 185 185 186 186 187 187 187 187 188 188 188 188 188 187 186 186 187 187 188 188 188 188 188 188 188 187 187 187 186 184 184 186 190 194 195 195 193 189 185 180 176 174 175 179 181 
189 188 188 187 187 186 186 185 185 185 185 186 186 186 186 186 186 186 186 186 186 187 187 188 188 188 188 189 189 189 189 188 187 187 188 188 189 190 189 189 188 188 187 187 187 187 187 186 183 185 191 197 203 201 193 187 182 178 177 175 172 173 179 183 
189 189 188 188 187 187 186 186 186 186 186 186 186 186 186 186 187 188 188 188 188 188 188 189 189 189 189 190 190 190 190 189 188 188 189 190 191 191 191 190 189 188 187 187 187 187 187 186 184 187 196 203 209 205 193 185 179 177 179 177 173 174 179 182 
190 189 189 188 188 187 187 187 187 187 187 187 187 187 187 187 188 189 189 189 189 189 190 190 190 190 190 191 191 191 191 190 189 189 190 191 191 192 192 191 189 188 187 187 186 186 187 187 186 191 200 207 212 208 195 186 183 182 185 183 177 175 178 179 
190 190 190 189 189 188 188 188 188 188 188 188 188 188 188 188 189 190 190 190 190 190 190 191 191 191 191 191 191 190 190 190 189 189 190 191 192 192 192 191 189 188 187 186 186 186 186 186 186 191 202 209 214 210 196 187 184 184 188 187 180 176 177 177 
191 191 191 191 190 190 189 189 189 189 189 189 189 189 190 190 190 191 191 191 191 190 190 190 190 190 190 190 190 190 190 190 189 189 190 191 192 192 192 191 189 188 186 185 185 185 184 184 183 189 202 210 216 212 197 188 184 183 188 186 180 177 177 178 
192 191 191 191 190 190 190 190 190 190 190 190 190 190 190 190 190 190 190 190 190 190 189 189 189 189 189 189 189 189 189 189 189 190 190 191 192 192 192 191 189 188 186 185 184 184 184 184 185 192 204 214 220 215 200 190 184 183 186 185 179 177 179 180 
193 192 192 191 191 191 191 191 191 191 191 191 191 191 191 191 191 191 191 191 190 190 190 190 190 190 189 189 189 189 189 190 190 191 192 192 193 193 193 192 190 189 187 186 185 185 185 187 191 199 211 219 225 220 205 194 185 182 183 181 176 176 181 184 
193 193 193 192 192 192 192 192 192 192 192 192 192 193 193 193 192 192 192 192 191 191 191 191 191 191 190 190 190 190 190 191 191 192 193 194 194 194 194 193 191 190 189 188 187 187 186 191 201 209 217 223 226 220 205 194 186 182 182 179 175 176 183 187 
193 193 193 193 192 192 192 192 192 192 193 193 193 193 194 194 194 194 194 193 193 193 193 193 193 192 192 192 192 192 192 192 193 193 194 195 195 195 195 194 192 191 190 190 190 190 190 198 214 222 224 224 222 214 201 192 186 183 183 180 176 177 184 188 
193 193 193 193 192 192 192 192 192 192 193 193 193 193 194 194 194 194 194 194 194 194 194 194 193 193 193 193 193 194 194 193 194 194 194 195 195 195 194 194 192 191 191 192 192 193 193 202 221 227 222 216 209 199 187 180 179 181 183 182 178 178 184 188 
193 193 193 193 192 192 192 192 193 193 193 193 194 194 194 194 193 193 193 193 193 193 193 193 194 194 194 194 194 195 195 194 193 193 193 194 194 193 193 192 191 191 192 193 194 195 195 204 221 223 211 199 186 173 162 159 166 174 184 186 181 180 183 185 
193 193 193 193 192 192 192 192 193 193 193 193 194 194 195 194 193 193 193 194 194 194 194 194 195 195 195 196 196 196 196 196 195 195 195 195 194 194 193 193 193 193 194 195 197 199 200 207 219 217 202 185 167 152 139 138 150 164 180 186 183 182 182 182 
193 193 192 192 192 192 192 192 193 193 194 194 194 195 195 195 194 194 194 195 195 195 196 196 197 197 198 199 199 199 199 199 198 198 198 198 197 196 196 196 196 196 198 200 203 205 207 210 215 210 194 175 154 134 117 116 131 150 173 185 185 183 181 180 
193 192 192 192 192 192 192 192 193 193 193 194 195 195 195 196 197 198 198 198 198 199 199 200 201 201 202 203 203 203 204 203 203 203 203 203 202 201 200 200 201 202 204 207 210 213 215 216 216 209 195 176 151 128 106 102 117 139 167 183 185 185 181 180 
192 192 192 192 192 192 192 192 192 192 193 194 194 195 195 197 201 203 203 203 204 204 205 206 206 207 208 209 209 210 210 210 211 211 210 210 209 208 208 208 208 210 213 216 219 223 226 225 221 215 204 187 161 134 105 96 108 129 161 180 185 185 181 180 
191 192 193 193 192 191 191 192 194 195 195 196 197 200 205 208 211 213 214 214 215 215 216 216 217 217 218 219 220 221 221 222 220 221 222 222 222 220 218 216 215 213 211 210 209 208 206 206 208 206 201 189 170 143 106 92 99 121 158 179 184 185 183 182 
188 191 196 197 193 191 190 193 200 202 201 201 203 211 225 231 230 230 231 232 232 233 233 233 233 233 233 235 236 238 239 237 233 233 237 239 240 238 232 226 218 210 201 191 179 168 158 161 176 184 183 182 179 155 111 90 92 114 159 181 182 183 185 185 
189 191 197 197 193 191 191 194 199 198 191 189 191 203 225 237 237 238 237 236 235 235 234 233 232 232 233 234 235 236 237 237 237 237 240 242 243 240 234 226 215 203 188 173 157 143 132 132 144 152 156 161 166 147 102 80 81 106 155 180 181 183 185 187 
190 192 194 195 193 194 196 197 195 186 169 161 163 178 206 225 234 236 233 229 225 222 219 217 217 217 217 218 217 217 216 221 231 236 235 234 233 230 225 217 205 190 173 157 143 133 127 119 110 109 119 126 133 117 79 63 68 96 146 175 181 185 185 186 
193 194 194 193 191 191 194 194 193 184 168 161 164 179 206 224 232 232 226 218 211 204 200 197 197 199 201 204 205 206 206 213 226 231 230 229 228 225 219 210 195 176 155 137 121 111 105 95 80 76 84 90 98 90 65 60 72 101 147 174 181 185 185 185 
198 197 197 193 186 184 185 188 194 194 189 189 193 205 225 234 232 226 216 205 193 183 176 173 174 178 185 192 199 205 209 214 220 224 225 226 227 224 216 204 185 162 136 112 92 76 66 59 54 51 51 54 61 64 62 72 93 121 156 177 182 185 185 186 
197 197 197 194 188 186 188 194 205 211 211 210 209 212 220 221 214 207 198 189 178 171 165 164 167 172 180 188 196 202 207 209 211 213 216 217 216 210 199 183 163 141 118 96 75 59 46 41 43 42 39 40 48 60 74 95 121 146 169 181 184 185 185 185 
190 192 195 196 195 197 204 214 227 234 232 225 211 200 193 186 179 174 171 169 167 166 168 171 176 181 187 192 196 199 200 200 198 199 203 202 196 184 166 148 130 114 101 87 71 58 44 41 47 49 46 49 58 77 103 130 155 173 184 188 187 186 183 182 
188 190 194 197 200 206 215 224 234 235 226 211 190 174 161 152 145 141 140 140 141 145 150 157 165 172 178 182 184 184 184 182 180 181 184 180 170 155 134 116 102 92 88 81 73 63 51 49 56 63 67 74 86 106 132 156 175 187 190 191 190 187 182 180 
190 191 193 198 204 212 222 226 225 214 192 170 147 132 125 118 112 107 104 102 102 106 113 123 136 146 154 159 160 159 156 156 158 159 157 150 137 121 101 87 78 76 79 80 78 75 67 67 72 84 102 117 131 146 161 173 182 186 188 189 191 189 181 178 
194 193 193 195 199 203 208 205 194 177 153 132 114 104 102 98 92 88 84 83 85 91 102 116 132 143 151 152 148 142 134 132 135 134 130 120 107 94 79 70 68 70 77 82 85 87 85 89 97 112 133 150 162 172 179 183 184 184 184 186 190 189 182 179 
199 197 194 190 186 180 171 159 143 126 109 98 91 90 92 91 86 83 81 83 89 100 117 135 153 164 168 163 149 134 119 111 113 109 99 89 79 72 68 67 70 75 80 86 94 100 105 115 130 145 161 172 180 184 186 186 182 180 179 181 186 187 185 184 
198 196 193 187 178 165 148 130 111 97 87 82 81 81 83 83 82 81 79 81 87 99 116 133 150 159 160 153 136 119 101 93 94 89 77 68 62 61 66 72 80 87 94 102 113 123 134 147 161 171 178 183 186 188 188 187 183 180 178 179 183 185 187 188 
190 189 189 184 174 159 138 118 100 89 85 83 82 79 74 74 80 81 78 78 79 86 98 109 121 127 128 121 109 96 82 76 78 74 64 58 56 61 73 85 97 108 117 129 143 157 172 183 190 190 185 182 181 183 186 188 187 185 181 180 180 183 188 191 
188 188 188 185 178 165 146 128 111 101 97 95 94 90 83 84 91 94 92 92 93 96 102 107 112 114 111 105 95 85 75 70 69 66 62 62 68 79 95 110 124 136 145 156 167 179 191 199 201 197 187 182 182 183 185 187 188 188 185 183 180 182 187 190 
191 190 189 188 187 182 173 160 144 132 123 118 116 114 112 113 116 119 122 125 127 129 129 127 123 117 110 102 93 86 81 74 67 66 72 82 96 113 131 147 161 170 177 181 184 188 192 194 193 190 185 184 188 188 186 185 186 187 190 188 184 183 185 187 
192 191 189 190 191 190 187 179 167 156 147 141 138 137 136 138 142 146 150 153 156 156 154 151 146 140 132 122 111 100 90 78 66 61 68 82 105 129 153 170 180 188 194 195 191 191 193 193 190 187 185 186 189 190 186 185 185 187 190 190 185 183 184 184 
191 190 190 191 191 191 189 186 180 174 169 165 161 159 157 160 168 173 176 178 179 179 179 180 183 182 178 166 146 125 102 82 65 54 49 62 95 127 159 177 181 188 197 197 188 187 193 195 191 189 187 187 187 187 186 186 185 186 187 187 185 183 183 183 
190 190 191 191 191 191 190 189 186 183 180 176 172 170 167 171 181 187 190 191 190 190 190 192 197 199 199 189 170 149 125 102 79 62 51 63 98 131 163 180 183 189 199 198 187 185 192 195 192 190 189 188 187 186 186 186 186 186 186 186 185 184 183 182 
191 191 191 191 191 190 190 188 186 183 179 175 172 169 167 171 180 187 190 191 190 189 186 187 189 192 195 192 184 173 160 139 109 87 73 81 113 140 164 179 186 192 199 198 189 186 190 192 191 190 189 188 187 187 187 187 186 187 187 186 185 184 183 183 
191 191 191 191 191 190 189 188 186 183 179 176 172 170 168 171 179 186 189 191 191 189 186 185 185 187 191 192 191 188 183 162 126 102 89 99 131 155 171 183 189 194 196 194 189 187 189 190 191 191 190 189 188 187 187 187 187 187 187 186 185 184 183 183 
191 191 191 191 191 190 189 188 186 183 180 177 174 171 169 171 178 183 188 190 192 191 189 187 186 186 188 191 192 193 193 172 131 107 101 115 151 174 183 190 194 194 191 188 187 187 189 190 191 191 190 189 188 188 187 187 187 188 187 186 185 184 183 183 
191 191 191 191 191 190 189 188 186 184 181 179 176 174 172 174 179 183 187 189 191 192 191 190 188 188 188 189 191 193 194 174 134 114 113 131 166 187 192 194 195 193 187 185 185 187 190 191 191 191 190 189 188 187 187 187 187 187 187 186 185 184 183 183 
191 191 191 191 191 190 189 188 187 185 183 181 179 177 176 178 183 186 186 188 189 191 192 193 193 191 190 188 187 186 186 169 136 122 127 145 177 195 197 197 194 191 186 184 185 188 191 192 191 190 189 188 187 186 186 186 186 186 186 186 185 184 183 182 
191 191 191 190 191 191 190 189 188 187 185 184 182 180 180 182 188 189 188 187 187 188 191 192 193 192 190 188 186 185 185 173 149 140 145 160 183 196 197 196 191 189 187 187 187 188 191 192 190 189 188 187 186 186 186 186 185 186 186 185 184 183 182 182 
190 190 190 190 191 190 190 189 189 188 187 186 185 184 183 186 192 193 189 186 185 185 188 190 192 192 191 190 190 190 190 184 172 167 169 175 184 189 192 191 186 186 192 193 190 189 191 190 189 188 187 186 185 185 185 185 184 185 185 184 183 182 181 181 
190 190 190 190 190 190 190 190 189 189 188 188 187 187 186 188 192 193 189 187 185 186 188 189 190 191 190 190 190 191 193 191 186 184 185 185 185 187 190 189 184 185 194 195 190 189 190 190 189 187 186 185 184 184 184 184 183 184 184 183 182 181 180 180 
190 190 190 190 189 189 189 189 189 189 189 189 188 188 189 189 189 189 188 188 188 189 190 190 189 188 187 187 189 191 194 193 190 189 192 191 188 188 192 191 185 186 193 194 189 187 189 189 188 187 186 185 184 183 183 183 183 183 183 182 181 180 179 179 
190 190 190 190 189 189 189 189 189 189 189 189 189 189 189 188 186 185 187 188 190 191 192 191 189 188 186 186 187 189 191 190 188 188 193 193 190 190 194 194 187 187 191 191 187 186 189 190 188 186 185 184 183 183 182 183 183 183 182 182 181 180 179 178 
191 191 190 190 189 189 188 188 188 188 188 188 188 188 188 186 182 182 185 189 191 193 194 193 190 189 187 185 185 184 185 183 179 181 188 192 192 193 197 196 192 189 187 186 184 185 189 190 188 186 185 184 183 183 183 183 183 183 183 182 181 180 179 179 
191 191 190 190 189 189 188 187 187 186 186 186 187 187 187 185 182 182 186 188 190 192 192 192 190 190 189 188 187 185 182 180 180 182 188 192 192 192 193 194 194 191 185 183 183 185 188 189 188 187 186 185 184 183 183 183 183 183 183 183 182 181 180 179 
192 191 191 190 189 188 187 186 186 185 185 185 185 185 186 186 185 186 187 187 187 187 187 187 189 191 194 194 192 189 184 185 189 192 192 191 189 187 184 187 194 194 186 183 186 187 187 188 188 187 186 185 184 184 184 184 184 184 184 183 182 181 180 180 
192 192 191 190 189 188 187 186 185 185 184 184 184 184 185 186 187 188 188 187 186 185 184 185 188 192 196 197 195 191 186 187 194 197 194 191 188 184 180 183 194 195 186 183 187 188 187 187 188 187 186 185 184 184 184 184 184 184 184 184 182 181 180 180 
